         37.50
        118.59
        212.84
        322.30
        449.22
        596.02
        765.10
        958.70
       1178.56
       1425.61
       1699.65
       1999.22
       2321.68
       2663.61
       3021.26
       3391.05
       3769.88
       4155.23
       4545.19
       4938.36
       5333.74
       5730.62
       6128.52
       6527.10
       6926.15
       7325.51
       7725.09
       8124.80
       8524.61
       8924.48
       9324.39
       9724.33
      10124.30
      10524.27
      10924.26
      11324.25
      11724.25
      12124.25
      12524.26
      12924.29
      13324.34
      13724.42
      14124.55
      14524.79
      14925.20
      15325.89
      15727.06
      16129.07
      16532.49
      16938.32
      17348.28
      17765.27
      18194.28
      18643.84
      19128.35
      19671.31
      20306.60
      21067.08
      21950.55
      22909.09
      23896.94
      24893.63
      25892.75
      26892.52
