p[mb] or z(m)     (dt/dt)rad [K/s]
 0.,  64
    1004.0 -1.736111e-05 
     994.7 -1.736111e-05 
     984.0 -1.736111e-05 
     971.7 -1.736111e-05 
     957.6 -1.736111e-05 
     941.4 -1.736111e-05 
     923.1 -1.736111e-05 
     902.4 -1.736111e-05 
     879.4 -1.736111e-05 
     854.1 -1.736111e-05 
     826.8 -1.736111e-05 
     797.7 -1.736111e-05 
     767.3 -1.736111e-05 
     736.1 -1.736111e-05 
     704.6 -1.736111e-05 
     673.2 -1.736111e-05 
     642.3 -1.736111e-05 
     612.0 -1.736111e-05 
     582.5 -1.736111e-05 
     554.0 -1.736111e-05 
     526.4 -1.736111e-05 
     499.9 -1.736111e-05 
     474.3 -1.736111e-05 
     449.8 -1.736111e-05 
     426.3 -1.736111e-05 
     403.7 -1.736111e-05 
     382.0 -1.736111e-05 
     361.3 -1.736111e-05 
     341.4 -1.736111e-05 
     322.3 -1.736111e-05 
     304.0 -1.736111e-05 
     286.5 -1.736111e-05 
     269.8 -1.736111e-05 
     253.8 -1.736111e-05 
     238.5 -1.736111e-05 
     223.9 -1.736111e-05 
     210.0 -1.736111e-05 
     196.7 -1.679103e-05 
     184.1 -1.459862e-05 
     172.1 -1.251531e-05 
     160.7 -1.053957e-05 
     149.9 -8.669644e-06 
     139.8 -6.904385e-06 
     130.2 -5.243060e-06 
     121.2 -3.685670e-06 
     112.9 -2.231341e-06 
     105.1 -8.777565e-07 
      97.8  0 
      91.1  0 
      84.8  0 
      78.9  0 
      73.4  0 
      68.2  0 
      63.1  0 
      58.0  0 
      52.9  0 
      47.5  0 
      41.8  0 
      36.1  0 
      30.9  0 
      26.4  0 
      22.5  0 
      19.3  0 
      16.6  0 
 1000.,  64
    1004.0 -1.736111e-05 
     994.7 -1.736111e-05 
     984.0 -1.736111e-05 
     971.7 -1.736111e-05 
     957.6 -1.736111e-05 
     941.4 -1.736111e-05 
     923.1 -1.736111e-05 
     902.4 -1.736111e-05 
     879.4 -1.736111e-05 
     854.1 -1.736111e-05 
     826.8 -1.736111e-05 
     797.7 -1.736111e-05 
     767.3 -1.736111e-05 
     736.1 -1.736111e-05 
     704.6 -1.736111e-05 
     673.2 -1.736111e-05 
     642.3 -1.736111e-05 
     612.0 -1.736111e-05 
     582.5 -1.736111e-05 
     554.0 -1.736111e-05 
     526.4 -1.736111e-05 
     499.9 -1.736111e-05 
     474.3 -1.736111e-05 
     449.8 -1.736111e-05 
     426.3 -1.736111e-05 
     403.7 -1.736111e-05 
     382.0 -1.736111e-05 
     361.3 -1.736111e-05 
     341.4 -1.736111e-05 
     322.3 -1.736111e-05 
     304.0 -1.736111e-05 
     286.5 -1.736111e-05 
     269.8 -1.736111e-05 
     253.8 -1.736111e-05 
     238.5 -1.736111e-05 
     223.9 -1.736111e-05 
     210.0 -1.736111e-05 
     196.7 -1.679103e-05 
     184.1 -1.459862e-05 
     172.1 -1.251531e-05 
     160.7 -1.053957e-05 
     149.9 -8.669644e-06 
     139.8 -6.904385e-06 
     130.2 -5.243060e-06 
     121.2 -3.685670e-06 
     112.9 -2.231341e-06 
     105.1 -8.777565e-07 
      97.8  0 
      91.1  0 
      84.8  0 
      78.9  0 
      73.4  0 
      68.2  0 
      63.1  0 
      58.0  0 
      52.9  0 
      47.5  0 
      41.8  0 
      36.1  0 
      30.9  0 
      26.4  0 
      22.5  0 
      19.3  0 
      16.6  0 
