	 z[m]	 p[mb]	 tp[K]	 q[g/kg]	 u[m/s]	 v[m/s]
0	74	1014.8
	 37.0000 1010.5292 296.0293  14.0703   0.0000   0.0000
	112.0000 1001.9163 296.0494  13.8110   0.0000   0.0000
	194.0000 992.5600 296.1304  13.7437   0.0000   0.0000
	288.0000 981.9132 296.2044  13.6127   0.0000   0.0000
	395.0000 969.8956 296.3032  13.4554   0.0000   0.0000
	520.0000 955.9935 296.4522  13.1871   0.0000   0.0000
	667.0000 939.8348 296.7386  12.7119   0.0000   0.0000
	843.0000 920.7639 297.2798  11.9871   0.0000   0.0000
	1062.0000 897.4619 298.1039  11.1738   0.0000   0.0000
	1331.0000 869.4923 299.1951  10.3177   0.0000   0.0000
	1664.0000 835.8551 300.5673   9.3974   0.0000   0.0000
	2055.0000 797.7245 302.2035   8.4136   0.0000   0.0000
	2505.0000 755.6168 304.1225   7.3600   0.0000   0.0000
	3000.0000 711.4265 306.2130   6.2942   0.0000   0.0000
	3500.0000 668.9614 308.2941   5.2964   0.0000   0.0000
	4000.0000 628.5829 310.3679   4.3683   0.0000   0.0000
	4500.0000 590.2051 312.4037   3.5373   0.0000   0.0000
	5000.0000 553.7407 314.3282   2.8376   0.0000   0.0000
	5500.0000 519.1050 316.1821   2.2392   0.0000   0.0000
	6000.0000 486.2213 318.0018   1.7122   0.0000   0.0000
	6500.0000 455.0141 319.7248   1.2609   0.0000   0.0000
	7000.0000 425.4049 321.2602   0.9031   0.0000   0.0000
	7500.0000 397.3150 322.5772   0.6368   0.0000   0.0000
	8000.0000 370.6710 323.7146   0.4421   0.0000   0.0000
	8500.0000 345.4065 324.6976   0.3019   0.0000   0.0000
	9000.0000 321.4600 325.5241   0.2030   0.0000   0.0000
	9500.0000 298.7734 326.2021   0.1341   0.0000   0.0000
	10000.0000 277.2929 326.7571   0.0867   0.0000   0.0000
	10500.0000 256.9692 327.2225   0.0547   0.0000   0.0000
	11000.0000 237.7572 327.6366   0.0337   0.0000   0.0000
	11500.0000 219.6157 328.0501   0.0198   0.0000   0.0000
	12000.0000 202.5075 328.5231   0.0110   0.0000   0.0000
	12500.0000 186.4036 329.3368   0.0050   0.0000   0.0000
	13000.0000 171.2818 330.5809   0.0021   0.0000   0.0000
	13500.0000 157.1426 333.4406   0.0010   0.0000   0.0000
	14000.0000 144.0055 338.3051   0.0009   0.0000   0.0000
	14500.0000 131.9052 346.8246   0.0010   0.0000   0.0000
	15000.0000 120.8426 357.1042   0.0011   0.0000   0.0000
	15500.0000 110.7487 367.6731   0.0012   0.0000   0.0000
	16000.0000 101.5354 378.5162   0.0013   0.0000   0.0000
	16500.0000  93.1216 389.5222   0.0013   0.0000   0.0000
	17000.0000  85.4344 400.8277   0.0013   0.0000   0.0000
	17500.0000  78.4095 412.5267   0.0013   0.0000   0.0000
	18000.0000  71.9918 424.9864   0.0013   0.0000   0.0000
	18500.0000  66.1324 438.1971   0.0012   0.0000   0.0000
	19000.0000  60.7879 452.6828   0.0011   0.0000   0.0000
	19500.0000  55.9163 467.8267   0.0009   0.0000   0.0000
	20000.0000  51.4775 484.2030   0.0007   0.0000   0.0000
	20500.0000  47.4315 500.6341   0.0004   0.0000   0.0000
	21000.0000  43.7417 518.2577   0.0001   0.0000   0.0000
	21500.0000  40.3719 534.9577   0.0000   0.0000   0.0000
	22000.0000  37.2871 551.7802   0.0000   0.0000   0.0000
	22500.0000  34.4553 566.8697   0.0000   0.0000   0.0000
	23000.0000  31.8495 582.2447   0.0000   0.0000   0.0000
	23500.0000  29.4538 599.6100   0.0000   0.0000   0.0000
	24000.0000  27.2541 617.8569   0.0000   0.0000   0.0000
	24500.0000  25.2335 636.2908   0.0000   0.0000   0.0000
	25000.0000  23.3751 654.5912   0.0000   0.0000   0.0000
	25500.0000  21.6636 672.6887   0.0000   0.0000   0.0000
	26000.0000  20.0853 690.6871   0.0000   0.0000   0.0000
	26500.0000  18.6283 708.6989   0.0000   0.0000   0.0000
	27000.0000  17.2820 726.6488   0.0000   0.0000   0.0000
	27500.0000  16.0370 744.5852   0.0000   0.0000   0.0000
	28000.0000  14.8848 762.5718   0.0000   0.0000   0.0000
	28500.0000  13.8179 780.7246   0.0000   0.0000   0.0000
	29000.0000  12.8298 799.5929   0.0000   0.0000   0.0000
	29500.0000  11.9144 818.2868   0.0000   0.0000   0.0000
	30000.0000  11.0659 837.2103   0.0000   0.0000   0.0000
	30500.0000  10.2791 856.4118   0.0000   0.0000   0.0000
	31000.0000   9.5492 875.9223   0.0000   0.0000   0.0000
	31500.0000   8.8721 895.6349   0.0000   0.0000   0.0000
	32000.0000   8.2437 915.3497   0.0000   0.0000   0.0000
	32500.0000   7.6601 935.2213   0.0000   0.0000   0.0000
	33000.0000   7.1165 949.8063   0.0000   0.0000   0.0000
1000	74	1014.8
	 37.0000 1010.5292 296.0293  14.0703   0.0000   0.0000
	112.0000 1001.9163 296.0494  13.8110   0.0000   0.0000
	194.0000 992.5600 296.1304  13.7437   0.0000   0.0000
	288.0000 981.9132 296.2044  13.6127   0.0000   0.0000
	395.0000 969.8956 296.3032  13.4554   0.0000   0.0000
	520.0000 955.9935 296.4522  13.1871   0.0000   0.0000
	667.0000 939.8348 296.7386  12.7119   0.0000   0.0000
	843.0000 920.7639 297.2798  11.9871   0.0000   0.0000
	1062.0000 897.4619 298.1039  11.1738   0.0000   0.0000
	1331.0000 869.4923 299.1951  10.3177   0.0000   0.0000
	1664.0000 835.8551 300.5673   9.3974   0.0000   0.0000
	2055.0000 797.7245 302.2035   8.4136   0.0000   0.0000
	2505.0000 755.6168 304.1225   7.3600   0.0000   0.0000
	3000.0000 711.4265 306.2130   6.2942   0.0000   0.0000
	3500.0000 668.9614 308.2941   5.2964   0.0000   0.0000
	4000.0000 628.5829 310.3679   4.3683   0.0000   0.0000
	4500.0000 590.2051 312.4037   3.5373   0.0000   0.0000
	5000.0000 553.7407 314.3282   2.8376   0.0000   0.0000
	5500.0000 519.1050 316.1821   2.2392   0.0000   0.0000
	6000.0000 486.2213 318.0018   1.7122   0.0000   0.0000
	6500.0000 455.0141 319.7248   1.2609   0.0000   0.0000
	7000.0000 425.4049 321.2602   0.9031   0.0000   0.0000
	7500.0000 397.3150 322.5772   0.6368   0.0000   0.0000
	8000.0000 370.6710 323.7146   0.4421   0.0000   0.0000
	8500.0000 345.4065 324.6976   0.3019   0.0000   0.0000
	9000.0000 321.4600 325.5241   0.2030   0.0000   0.0000
	9500.0000 298.7734 326.2021   0.1341   0.0000   0.0000
	10000.0000 277.2929 326.7571   0.0867   0.0000   0.0000
	10500.0000 256.9692 327.2225   0.0547   0.0000   0.0000
	11000.0000 237.7572 327.6366   0.0337   0.0000   0.0000
	11500.0000 219.6157 328.0501   0.0198   0.0000   0.0000
	12000.0000 202.5075 328.5231   0.0110   0.0000   0.0000
	12500.0000 186.4036 329.3368   0.0050   0.0000   0.0000
	13000.0000 171.2818 330.5809   0.0021   0.0000   0.0000
	13500.0000 157.1426 333.4406   0.0010   0.0000   0.0000
	14000.0000 144.0055 338.3051   0.0009   0.0000   0.0000
	14500.0000 131.9052 346.8246   0.0010   0.0000   0.0000
	15000.0000 120.8426 357.1042   0.0011   0.0000   0.0000
	15500.0000 110.7487 367.6731   0.0012   0.0000   0.0000
	16000.0000 101.5354 378.5162   0.0013   0.0000   0.0000
	16500.0000  93.1216 389.5222   0.0013   0.0000   0.0000
	17000.0000  85.4344 400.8277   0.0013   0.0000   0.0000
	17500.0000  78.4095 412.5267   0.0013   0.0000   0.0000
	18000.0000  71.9918 424.9864   0.0013   0.0000   0.0000
	18500.0000  66.1324 438.1971   0.0012   0.0000   0.0000
	19000.0000  60.7879 452.6828   0.0011   0.0000   0.0000
	19500.0000  55.9163 467.8267   0.0009   0.0000   0.0000
	20000.0000  51.4775 484.2030   0.0007   0.0000   0.0000
	20500.0000  47.4315 500.6341   0.0004   0.0000   0.0000
	21000.0000  43.7417 518.2577   0.0001   0.0000   0.0000
	21500.0000  40.3719 534.9577   0.0000   0.0000   0.0000
	22000.0000  37.2871 551.7802   0.0000   0.0000   0.0000
	22500.0000  34.4553 566.8697   0.0000   0.0000   0.0000
	23000.0000  31.8495 582.2447   0.0000   0.0000   0.0000
	23500.0000  29.4538 599.6100   0.0000   0.0000   0.0000
	24000.0000  27.2541 617.8569   0.0000   0.0000   0.0000
	24500.0000  25.2335 636.2908   0.0000   0.0000   0.0000
	25000.0000  23.3751 654.5912   0.0000   0.0000   0.0000
	25500.0000  21.6636 672.6887   0.0000   0.0000   0.0000
	26000.0000  20.0853 690.6871   0.0000   0.0000   0.0000
	26500.0000  18.6283 708.6989   0.0000   0.0000   0.0000
	27000.0000  17.2820 726.6488   0.0000   0.0000   0.0000
	27500.0000  16.0370 744.5852   0.0000   0.0000   0.0000
	28000.0000  14.8848 762.5718   0.0000   0.0000   0.0000
	28500.0000  13.8179 780.7246   0.0000   0.0000   0.0000
	29000.0000  12.8298 799.5929   0.0000   0.0000   0.0000
	29500.0000  11.9144 818.2868   0.0000   0.0000   0.0000
	30000.0000  11.0659 837.2103   0.0000   0.0000   0.0000
	30500.0000  10.2791 856.4118   0.0000   0.0000   0.0000
	31000.0000   9.5492 875.9223   0.0000   0.0000   0.0000
	31500.0000   8.8721 895.6349   0.0000   0.0000   0.0000
	32000.0000   8.2437 915.3497   0.0000   0.0000   0.0000
	32500.0000   7.6601 935.2213   0.0000   0.0000   0.0000
	33000.0000   7.1165 949.8063   0.0000   0.0000   0.0000